{
 "cells": [
  {
   "cell_type": "code",
   "execution_count": 1,
   "metadata": {},
   "outputs": [],
   "source": [
    "import numpy as np\n",
    "import pandas as pd\n",
    "import matplotlib.pyplot as plt\n",
    "import tensorflow as tf\n",
    "import tensorflow.keras as k\n",
    "from tensorflow.keras import layers, Sequential, optimizers, losses"
   ]
  },
  {
   "cell_type": "code",
   "execution_count": 4,
   "metadata": {},
   "outputs": [
    {
     "name": "stdout",
     "output_type": "stream",
     "text": [
      "tf.Tensor([1 8 4 5 9 3 2 6 7 0], shape=(10,), dtype=int32)\n",
      "tf.Tensor(\n",
      "[[-0.04104223  0.03661125 -0.02370019 -0.03036099  0.00773614  0.01967012\n",
      "   0.01004293 -0.04373357 -0.0409      0.02145486 -0.04148582 -0.01358209\n",
      "  -0.0466767   0.02156265  0.04181829  0.01141511  0.0442355   0.01730238\n",
      "   0.03390783  0.03080847 -0.02698643  0.00875882  0.010825   -0.01409436\n",
      "  -0.01836531 -0.0246737   0.02806444 -0.03427326 -0.0112129   0.00909882\n",
      "   0.01091373  0.01016245 -0.00542359 -0.00608736  0.02559236  0.01436975\n",
      "  -0.03503488  0.01988143 -0.01447881  0.01518646  0.00454659 -0.04424958\n",
      "  -0.03936644 -0.04577525 -0.02779775  0.03399304  0.04801447 -0.03898401\n",
      "   0.01959674  0.00158527]\n",
      " [ 0.04222841  0.0127858   0.02201172 -0.0036354   0.00950322 -0.00115615\n",
      "  -0.00958993  0.04028288  0.03263043 -0.04670949 -0.02430674  0.04813853\n",
      "  -0.01745922  0.02305155 -0.03053217 -0.04161077  0.01449535  0.04767524\n",
      "  -0.00613078 -0.01173099  0.03007326  0.03098941 -0.01321596  0.040491\n",
      "  -0.03967836  0.04796649 -0.04611056  0.00231129 -0.03035739  0.02838821\n",
      "  -0.00229841  0.04056204 -0.01432319  0.02685393  0.00245706  0.02666355\n",
      "   0.00219184 -0.00707371  0.01796016 -0.00519365 -0.01635231  0.00910931\n",
      "  -0.01673923 -0.00556195  0.04718646 -0.02578156  0.0352729   0.02290721\n",
      "  -0.0116279  -0.03466362]\n",
      " [-0.03268057  0.04993219 -0.01125051  0.00577643  0.01569134 -0.03051364\n",
      "  -0.03663782 -0.024604   -0.03099691 -0.01278083 -0.03716396  0.01396755\n",
      "   0.03399357 -0.02221935  0.03719479 -0.01524265 -0.02690563  0.04077132\n",
      "  -0.030764    0.00080407  0.04628732  0.04001068  0.03162118 -0.02062463\n",
      "  -0.02952901  0.02901019  0.03571167 -0.01051382  0.03411918 -0.01066755\n",
      "   0.03917337  0.04403018  0.04730216  0.03444559 -0.0468186   0.00148102\n",
      "  -0.04579141 -0.02925215  0.01126979 -0.02264187 -0.04996977  0.01391692\n",
      "  -0.02418551 -0.01576163 -0.00407503 -0.00907004 -0.02076157  0.00042689\n",
      "  -0.03337048 -0.04708714]\n",
      " [ 0.0082956   0.04762644  0.01790769  0.01301854 -0.00429956 -0.02153581\n",
      "   0.00047529 -0.00638689  0.03049945  0.04212036 -0.02860823 -0.00341556\n",
      "  -0.02548897  0.01634214  0.03275794  0.03441227 -0.03579999  0.04159879\n",
      "  -0.03459011 -0.02199416 -0.01494537 -0.04380598  0.02747342  0.00396841\n",
      "  -0.00438754  0.04649175  0.04164309 -0.02004108  0.00416445  0.02391434\n",
      "  -0.02427719  0.00351312  0.04699048 -0.0107765  -0.01225424 -0.04378331\n",
      "   0.0290588  -0.03760725  0.04533188  0.01158587  0.00060977 -0.0412663\n",
      "   0.00841587  0.0059744  -0.00844648 -0.00057334 -0.04252183 -0.02295979\n",
      "   0.0383854  -0.02625064]\n",
      " [-0.01283322 -0.01737478 -0.02648584 -0.03212403  0.03892301 -0.03076369\n",
      "  -0.01144079  0.02807811  0.02448127  0.0073872   0.04491818 -0.00897362\n",
      "   0.04504892  0.02176323 -0.03609844 -0.0345484  -0.04781744  0.03185968\n",
      "   0.01329173  0.02793046  0.01082898  0.00059485  0.04479193  0.0262018\n",
      "   0.00497699 -0.03007029 -0.04334446 -0.01515756  0.03936206  0.02495446\n",
      "  -0.02836825 -0.00697722 -0.03026017 -0.03927571 -0.0212882  -0.03005909\n",
      "   0.02613154  0.01038525 -0.03630899 -0.03870936 -0.02773706 -0.01374168\n",
      "   0.03713107 -0.00609225 -0.03132175  0.02368715 -0.02394125  0.03366257\n",
      "  -0.03260138  0.04879744]\n",
      " [ 0.02520135  0.01273418  0.01811901  0.00785208  0.04473307 -0.04257475\n",
      "  -0.01938895 -0.04811507 -0.03048658  0.02245076 -0.0428555   0.01374647\n",
      "  -0.0038263  -0.00626814  0.00519693 -0.04994715  0.04043164 -0.00870341\n",
      "  -0.01603733 -0.00248828 -0.01218409  0.0272075   0.01467401 -0.02665585\n",
      "  -0.04627002 -0.00691584 -0.02280654 -0.02386477  0.01692886  0.00763779\n",
      "  -0.00647175  0.01977572 -0.00759145  0.00334178  0.01856357  0.03463538\n",
      "  -0.03243979  0.01657549  0.00843474 -0.0255006   0.00714457  0.00691676\n",
      "  -0.03693968  0.04451955 -0.02614601 -0.01914427 -0.03617696 -0.04767424\n",
      "  -0.04758952  0.00078534]\n",
      " [-0.00300545 -0.02599431 -0.02029585 -0.0430222  -0.00926248  0.00112698\n",
      "  -0.00846846  0.03574133 -0.04471507  0.00814275 -0.0011718   0.01959293\n",
      "  -0.01276686  0.03944497  0.00859761  0.0324635   0.01619716 -0.02484987\n",
      "  -0.00266965  0.01037885 -0.03585211  0.01523683  0.02543601 -0.03605551\n",
      "  -0.00014602  0.03900453  0.0194697  -0.03211608 -0.0150733   0.03884328\n",
      "  -0.03691814 -0.00261436 -0.00285944  0.01248958  0.00362837 -0.04246587\n",
      "  -0.0243417   0.03842125  0.02055806  0.02373166  0.01799357 -0.01097446\n",
      "   0.03423551  0.02411381  0.04862345  0.03186193  0.04934528  0.02801606\n",
      "  -0.00548661  0.01987575]\n",
      " [-0.00215675  0.00746906  0.03427118 -0.03027523 -0.00439173  0.01224748\n",
      "   0.02094269 -0.02105259  0.04351287 -0.03431431  0.0221015  -0.02752842\n",
      "  -0.02702758 -0.01949788  0.03427241  0.04456406  0.03653688  0.02755998\n",
      "  -0.00585531  0.00992619 -0.02746607 -0.03879565 -0.01950992  0.02175574\n",
      "   0.04036887 -0.01367314 -0.03573896 -0.04014963  0.00057488  0.04695996\n",
      "  -0.04747846  0.02675522  0.03468681 -0.00687921 -0.04319357 -0.02312135\n",
      "   0.00250919 -0.03825853 -0.01670743  0.02802924  0.01980919  0.02853382\n",
      "   0.03712858 -0.04811469  0.04397542  0.02944324  0.03664584  0.01324158\n",
      "   0.04383883  0.03888246]\n",
      " [-0.03444823 -0.04175382  0.00705103  0.02532652  0.01252982  0.01695839\n",
      "  -0.00839058 -0.04994902 -0.00898205  0.03519822 -0.00854412 -0.03744885\n",
      "   0.01194109  0.02788873  0.04982216 -0.04057347  0.04989145 -0.02804544\n",
      "   0.03706146 -0.03929908  0.04050995  0.04774066 -0.03444997  0.02633457\n",
      "   0.02354796  0.02054757  0.00741863  0.04177522  0.04009098 -0.02065892\n",
      "  -0.0465849  -0.02658527 -0.00659672  0.03434563  0.00011145 -0.04250918\n",
      "  -0.03632166 -0.04548714  0.00885047  0.04281035 -0.02273165  0.02903939\n",
      "   0.03917779 -0.04944894  0.01672569 -0.0325196   0.00919307 -0.03922056\n",
      "  -0.01584492  0.00058744]\n",
      " [ 0.00288099  0.04093314  0.00774022 -0.04573673 -0.0352148   0.02801606\n",
      "  -0.02008263  0.01844342  0.01915607  0.04131806  0.01928978  0.02253431\n",
      "  -0.0108984   0.04860235  0.04769845 -0.03932257 -0.01801757 -0.04928768\n",
      "   0.00990806  0.04626575 -0.00939219 -0.01106798 -0.02940609  0.02184192\n",
      "   0.0321139  -0.02477725 -0.01876075 -0.01835389  0.00442781  0.01036303\n",
      "   0.00447699 -0.03889607 -0.02960066  0.03158193  0.01083461 -0.00985352\n",
      "   0.01233481 -0.02409931 -0.02112718  0.01087176  0.02573014 -0.02336495\n",
      "   0.00243124 -0.01027447 -0.04126956 -0.0423066  -0.01543009  0.00337906\n",
      "   0.01790905  0.00446013]], shape=(10, 50), dtype=float32)\n",
      "<tf.Variable 'embedding_1/embeddings:0' shape=(10, 50) dtype=float32, numpy=\n",
      "array([[ 0.00288099,  0.04093314,  0.00774022, -0.04573673, -0.0352148 ,\n",
      "         0.02801606, -0.02008263,  0.01844342,  0.01915607,  0.04131806,\n",
      "         0.01928978,  0.02253431, -0.0108984 ,  0.04860235,  0.04769845,\n",
      "        -0.03932257, -0.01801757, -0.04928768,  0.00990806,  0.04626575,\n",
      "        -0.00939219, -0.01106798, -0.02940609,  0.02184192,  0.0321139 ,\n",
      "        -0.02477725, -0.01876075, -0.01835389,  0.00442781,  0.01036303,\n",
      "         0.00447699, -0.03889607, -0.02960066,  0.03158193,  0.01083461,\n",
      "        -0.00985352,  0.01233481, -0.02409931, -0.02112718,  0.01087176,\n",
      "         0.02573014, -0.02336495,  0.00243124, -0.01027447, -0.04126956,\n",
      "        -0.0423066 , -0.01543009,  0.00337906,  0.01790905,  0.00446013],\n",
      "       [-0.04104223,  0.03661125, -0.02370019, -0.03036099,  0.00773614,\n",
      "         0.01967012,  0.01004293, -0.04373357, -0.0409    ,  0.02145486,\n",
      "        -0.04148582, -0.01358209, -0.0466767 ,  0.02156265,  0.04181829,\n",
      "         0.01141511,  0.0442355 ,  0.01730238,  0.03390783,  0.03080847,\n",
      "        -0.02698643,  0.00875882,  0.010825  , -0.01409436, -0.01836531,\n",
      "        -0.0246737 ,  0.02806444, -0.03427326, -0.0112129 ,  0.00909882,\n",
      "         0.01091373,  0.01016245, -0.00542359, -0.00608736,  0.02559236,\n",
      "         0.01436975, -0.03503488,  0.01988143, -0.01447881,  0.01518646,\n",
      "         0.00454659, -0.04424958, -0.03936644, -0.04577525, -0.02779775,\n",
      "         0.03399304,  0.04801447, -0.03898401,  0.01959674,  0.00158527],\n",
      "       [-0.00300545, -0.02599431, -0.02029585, -0.0430222 , -0.00926248,\n",
      "         0.00112698, -0.00846846,  0.03574133, -0.04471507,  0.00814275,\n",
      "        -0.0011718 ,  0.01959293, -0.01276686,  0.03944497,  0.00859761,\n",
      "         0.0324635 ,  0.01619716, -0.02484987, -0.00266965,  0.01037885,\n",
      "        -0.03585211,  0.01523683,  0.02543601, -0.03605551, -0.00014602,\n",
      "         0.03900453,  0.0194697 , -0.03211608, -0.0150733 ,  0.03884328,\n",
      "        -0.03691814, -0.00261436, -0.00285944,  0.01248958,  0.00362837,\n",
      "        -0.04246587, -0.0243417 ,  0.03842125,  0.02055806,  0.02373166,\n",
      "         0.01799357, -0.01097446,  0.03423551,  0.02411381,  0.04862345,\n",
      "         0.03186193,  0.04934528,  0.02801606, -0.00548661,  0.01987575],\n",
      "       [ 0.02520135,  0.01273418,  0.01811901,  0.00785208,  0.04473307,\n",
      "        -0.04257475, -0.01938895, -0.04811507, -0.03048658,  0.02245076,\n",
      "        -0.0428555 ,  0.01374647, -0.0038263 , -0.00626814,  0.00519693,\n",
      "        -0.04994715,  0.04043164, -0.00870341, -0.01603733, -0.00248828,\n",
      "        -0.01218409,  0.0272075 ,  0.01467401, -0.02665585, -0.04627002,\n",
      "        -0.00691584, -0.02280654, -0.02386477,  0.01692886,  0.00763779,\n",
      "        -0.00647175,  0.01977572, -0.00759145,  0.00334178,  0.01856357,\n",
      "         0.03463538, -0.03243979,  0.01657549,  0.00843474, -0.0255006 ,\n",
      "         0.00714457,  0.00691676, -0.03693968,  0.04451955, -0.02614601,\n",
      "        -0.01914427, -0.03617696, -0.04767424, -0.04758952,  0.00078534],\n",
      "       [-0.03268057,  0.04993219, -0.01125051,  0.00577643,  0.01569134,\n",
      "        -0.03051364, -0.03663782, -0.024604  , -0.03099691, -0.01278083,\n",
      "        -0.03716396,  0.01396755,  0.03399357, -0.02221935,  0.03719479,\n",
      "        -0.01524265, -0.02690563,  0.04077132, -0.030764  ,  0.00080407,\n",
      "         0.04628732,  0.04001068,  0.03162118, -0.02062463, -0.02952901,\n",
      "         0.02901019,  0.03571167, -0.01051382,  0.03411918, -0.01066755,\n",
      "         0.03917337,  0.04403018,  0.04730216,  0.03444559, -0.0468186 ,\n",
      "         0.00148102, -0.04579141, -0.02925215,  0.01126979, -0.02264187,\n",
      "        -0.04996977,  0.01391692, -0.02418551, -0.01576163, -0.00407503,\n",
      "        -0.00907004, -0.02076157,  0.00042689, -0.03337048, -0.04708714],\n",
      "       [ 0.0082956 ,  0.04762644,  0.01790769,  0.01301854, -0.00429956,\n",
      "        -0.02153581,  0.00047529, -0.00638689,  0.03049945,  0.04212036,\n",
      "        -0.02860823, -0.00341556, -0.02548897,  0.01634214,  0.03275794,\n",
      "         0.03441227, -0.03579999,  0.04159879, -0.03459011, -0.02199416,\n",
      "        -0.01494537, -0.04380598,  0.02747342,  0.00396841, -0.00438754,\n",
      "         0.04649175,  0.04164309, -0.02004108,  0.00416445,  0.02391434,\n",
      "        -0.02427719,  0.00351312,  0.04699048, -0.0107765 , -0.01225424,\n",
      "        -0.04378331,  0.0290588 , -0.03760725,  0.04533188,  0.01158587,\n",
      "         0.00060977, -0.0412663 ,  0.00841587,  0.0059744 , -0.00844648,\n",
      "        -0.00057334, -0.04252183, -0.02295979,  0.0383854 , -0.02625064],\n",
      "       [-0.00215675,  0.00746906,  0.03427118, -0.03027523, -0.00439173,\n",
      "         0.01224748,  0.02094269, -0.02105259,  0.04351287, -0.03431431,\n",
      "         0.0221015 , -0.02752842, -0.02702758, -0.01949788,  0.03427241,\n",
      "         0.04456406,  0.03653688,  0.02755998, -0.00585531,  0.00992619,\n",
      "        -0.02746607, -0.03879565, -0.01950992,  0.02175574,  0.04036887,\n",
      "        -0.01367314, -0.03573896, -0.04014963,  0.00057488,  0.04695996,\n",
      "        -0.04747846,  0.02675522,  0.03468681, -0.00687921, -0.04319357,\n",
      "        -0.02312135,  0.00250919, -0.03825853, -0.01670743,  0.02802924,\n",
      "         0.01980919,  0.02853382,  0.03712858, -0.04811469,  0.04397542,\n",
      "         0.02944324,  0.03664584,  0.01324158,  0.04383883,  0.03888246],\n",
      "       [-0.03444823, -0.04175382,  0.00705103,  0.02532652,  0.01252982,\n",
      "         0.01695839, -0.00839058, -0.04994902, -0.00898205,  0.03519822,\n",
      "        -0.00854412, -0.03744885,  0.01194109,  0.02788873,  0.04982216,\n",
      "        -0.04057347,  0.04989145, -0.02804544,  0.03706146, -0.03929908,\n",
      "         0.04050995,  0.04774066, -0.03444997,  0.02633457,  0.02354796,\n",
      "         0.02054757,  0.00741863,  0.04177522,  0.04009098, -0.02065892,\n",
      "        -0.0465849 , -0.02658527, -0.00659672,  0.03434563,  0.00011145,\n",
      "        -0.04250918, -0.03632166, -0.04548714,  0.00885047,  0.04281035,\n",
      "        -0.02273165,  0.02903939,  0.03917779, -0.04944894,  0.01672569,\n",
      "        -0.0325196 ,  0.00919307, -0.03922056, -0.01584492,  0.00058744],\n",
      "       [ 0.04222841,  0.0127858 ,  0.02201172, -0.0036354 ,  0.00950322,\n",
      "        -0.00115615, -0.00958993,  0.04028288,  0.03263043, -0.04670949,\n",
      "        -0.02430674,  0.04813853, -0.01745922,  0.02305155, -0.03053217,\n",
      "        -0.04161077,  0.01449535,  0.04767524, -0.00613078, -0.01173099,\n",
      "         0.03007326,  0.03098941, -0.01321596,  0.040491  , -0.03967836,\n",
      "         0.04796649, -0.04611056,  0.00231129, -0.03035739,  0.02838821,\n",
      "        -0.00229841,  0.04056204, -0.01432319,  0.02685393,  0.00245706,\n",
      "         0.02666355,  0.00219184, -0.00707371,  0.01796016, -0.00519365,\n",
      "        -0.01635231,  0.00910931, -0.01673923, -0.00556195,  0.04718646,\n",
      "        -0.02578156,  0.0352729 ,  0.02290721, -0.0116279 , -0.03466362],\n",
      "       [-0.01283322, -0.01737478, -0.02648584, -0.03212403,  0.03892301,\n",
      "        -0.03076369, -0.01144079,  0.02807811,  0.02448127,  0.0073872 ,\n",
      "         0.04491818, -0.00897362,  0.04504892,  0.02176323, -0.03609844,\n",
      "        -0.0345484 , -0.04781744,  0.03185968,  0.01329173,  0.02793046,\n",
      "         0.01082898,  0.00059485,  0.04479193,  0.0262018 ,  0.00497699,\n",
      "        -0.03007029, -0.04334446, -0.01515756,  0.03936206,  0.02495446,\n",
      "        -0.02836825, -0.00697722, -0.03026017, -0.03927571, -0.0212882 ,\n",
      "        -0.03005909,  0.02613154,  0.01038525, -0.03630899, -0.03870936,\n",
      "        -0.02773706, -0.01374168,  0.03713107, -0.00609225, -0.03132175,\n",
      "         0.02368715, -0.02394125,  0.03366257, -0.03260138,  0.04879744]],\n",
      "      dtype=float32)>\n",
      "True\n"
     ]
    }
   ],
   "source": [
    "x = tf.range(10)\n",
    "x = tf.random.shuffle(x)\n",
    "net = layers.Embedding(10, 50)\n",
    "out = net(x)\n",
    "print(x)\n",
    "print(out)\n",
    "print(net.embeddings)\n",
    "print(net.embeddings.trainable)"
   ]
  },
  {
   "cell_type": "code",
   "execution_count": 5,
   "metadata": {},
   "outputs": [
    {
     "name": "stdout",
     "output_type": "stream",
     "text": [
      "Loaded GloVe!\n"
     ]
    }
   ],
   "source": [
    "filename = 'glove.6B.50d.txt'\n",
    "def loadGloVe(filename):\n",
    "    vocab = []\n",
    "    embd = []\n",
    "    emb_size = 50\n",
    "    vocab.append('unk') #装载不认识的词\n",
    "    embd.append([0]*emb_size) #这个emb_size可能需要指定\n",
    "    file = open(filename,'r')\n",
    "    for line in file.readlines():\n",
    "        row = line.strip().split(' ')\n",
    "        vocab.append(row[0])\n",
    "        embd.append(row[1:])\n",
    "    print('Loaded GloVe!')\n",
    "    file.close()\n",
    "    return vocab,embd\n",
    "vocab,embd = loadGloVe(filename)\n",
    "vocab_size = len(vocab)\n",
    "embedding_dim = len(embd[0])\n",
    "embedding = np.asarray(embd)"
   ]
  },
  {
   "cell_type": "code",
   "execution_count": 6,
   "metadata": {},
   "outputs": [
    {
     "name": "stdout",
     "output_type": "stream",
     "text": [
      "[[4, 16], [5, 36], [42, 37], [20, 36], [9], [36], [9, 5], [20, 36], [32, 36, 16, 42]]\n",
      "[[ 4 16  0  0]\n",
      " [ 5 36  0  0]\n",
      " [42 37  0  0]\n",
      " [20 36  0  0]\n",
      " [ 9  0  0  0]\n",
      " [36  0  0  0]\n",
      " [ 9  5  0  0]\n",
      " [20 36  0  0]\n",
      " [32 36 16 42]]\n",
      "Model: \"sequential\"\n",
      "_________________________________________________________________\n",
      "Layer (type)                 Output Shape              Param #   \n",
      "=================================================================\n",
      "embedding_2 (Embedding)      (None, 4, 8)              400       \n",
      "_________________________________________________________________\n",
      "flatten (Flatten)            (None, 32)                0         \n",
      "_________________________________________________________________\n",
      "dense (Dense)                (None, 1)                 33        \n",
      "=================================================================\n",
      "Total params: 433\n",
      "Trainable params: 433\n",
      "Non-trainable params: 0\n",
      "_________________________________________________________________\n"
     ]
    }
   ],
   "source": [
    "import numpy as np\n",
    "from tensorflow.python.keras.preprocessing.sequence import pad_sequences\n",
    "from tensorflow.python.keras.preprocessing.text import one_hot\n",
    "#定义文档\n",
    "docs = [\n",
    "    'Well done',\n",
    "    'good work',\n",
    "    'Great effort',\n",
    "    'nice work',\n",
    "    'Excellent',\n",
    "    'Weak',\n",
    "    'not good',\n",
    "    'poor work',\n",
    "    'could have done better'\n",
    "]\n",
    "labels = np.array([1,1,1,1,1,0,0,0,0])\n",
    "vocab_size = 50\n",
    "encoded_docs = [one_hot(d,vocab_size) for d in docs]\n",
    "print(encoded_docs)\n",
    "max_len = max([len(v.split())for v in docs])\n",
    "padded_docs = pad_sequences(encoded_docs,maxlen=max_len,padding='post')\n",
    "print(padded_docs)\n",
    "\n",
    "#定义模型\n",
    "from tensorflow.keras import layers\n",
    "model = Sequential()\n",
    "model.add(layers.Embedding(vocab_size,8,input_length=max_len))\n",
    "model.add(layers.Flatten())\n",
    "model.add(layers.Dense(1,activation='sigmoid'))\n",
    "#编译模型\n",
    "model.compile(\n",
    "    optimizer='adam',\n",
    "    loss='binary_crossentropy',\n",
    "    metrics=['acc']\n",
    ")\n",
    "model.summary()"
   ]
  },
  {
   "cell_type": "code",
   "execution_count": 11,
   "metadata": {},
   "outputs": [
    {
     "name": "stdout",
     "output_type": "stream",
     "text": [
      "1/1 [==============================] - 0s 22ms/step - loss: 0.6979 - acc: 0.3333\n",
      "Accuracy:33.333334\n"
     ]
    }
   ],
   "source": [
    "loss, accuracy = model.evaluate(padded_docs,labels)\n",
    "print('Accuracy:%f'%(accuracy*100))"
   ]
  },
  {
   "cell_type": "code",
   "execution_count": 13,
   "metadata": {},
   "outputs": [
    {
     "name": "stdout",
     "output_type": "stream",
     "text": [
      "Epoch 1/150\n",
      "1/1 [==============================] - 1s 710ms/step - loss: 0.6979 - acc: 0.3333\n",
      "Epoch 2/150\n",
      "1/1 [==============================] - 0s 2ms/step - loss: 0.6963 - acc: 0.3333\n",
      "Epoch 3/150\n",
      "1/1 [==============================] - 0s 2ms/step - loss: 0.6947 - acc: 0.3333\n",
      "Epoch 4/150\n",
      "1/1 [==============================] - 0s 2ms/step - loss: 0.6931 - acc: 0.3333\n",
      "Epoch 5/150\n",
      "1/1 [==============================] - 0s 3ms/step - loss: 0.6915 - acc: 0.4444\n",
      "Epoch 6/150\n",
      "1/1 [==============================] - 0s 3ms/step - loss: 0.6899 - acc: 0.4444\n",
      "Epoch 7/150\n",
      "1/1 [==============================] - 0s 3ms/step - loss: 0.6883 - acc: 0.5556\n",
      "Epoch 8/150\n",
      "1/1 [==============================] - 0s 2ms/step - loss: 0.6868 - acc: 0.6667\n",
      "Epoch 9/150\n",
      "1/1 [==============================] - 0s 2ms/step - loss: 0.6852 - acc: 0.7778\n",
      "Epoch 10/150\n",
      "1/1 [==============================] - 0s 3ms/step - loss: 0.6837 - acc: 0.8889\n",
      "Epoch 11/150\n",
      "1/1 [==============================] - 0s 2ms/step - loss: 0.6821 - acc: 0.8889\n",
      "Epoch 12/150\n",
      "1/1 [==============================] - 0s 2ms/step - loss: 0.6806 - acc: 0.8889\n",
      "Epoch 13/150\n",
      "1/1 [==============================] - 0s 2ms/step - loss: 0.6791 - acc: 0.8889\n",
      "Epoch 14/150\n",
      "1/1 [==============================] - 0s 2ms/step - loss: 0.6775 - acc: 0.8889\n",
      "Epoch 15/150\n",
      "1/1 [==============================] - 0s 2ms/step - loss: 0.6760 - acc: 0.8889\n",
      "Epoch 16/150\n",
      "1/1 [==============================] - 0s 2ms/step - loss: 0.6745 - acc: 0.8889\n",
      "Epoch 17/150\n",
      "1/1 [==============================] - 0s 2ms/step - loss: 0.6730 - acc: 0.8889\n",
      "Epoch 18/150\n",
      "1/1 [==============================] - 0s 2ms/step - loss: 0.6714 - acc: 0.7778\n",
      "Epoch 19/150\n",
      "1/1 [==============================] - 0s 2ms/step - loss: 0.6699 - acc: 0.7778\n",
      "Epoch 20/150\n",
      "1/1 [==============================] - 0s 3ms/step - loss: 0.6684 - acc: 0.7778\n",
      "Epoch 21/150\n",
      "1/1 [==============================] - 0s 2ms/step - loss: 0.6669 - acc: 0.7778\n",
      "Epoch 22/150\n",
      "1/1 [==============================] - 0s 2ms/step - loss: 0.6653 - acc: 0.7778\n",
      "Epoch 23/150\n",
      "1/1 [==============================] - 0s 2ms/step - loss: 0.6638 - acc: 0.7778\n",
      "Epoch 24/150\n",
      "1/1 [==============================] - 0s 2ms/step - loss: 0.6622 - acc: 0.7778\n",
      "Epoch 25/150\n",
      "1/1 [==============================] - 0s 2ms/step - loss: 0.6607 - acc: 0.7778\n",
      "Epoch 26/150\n",
      "1/1 [==============================] - 0s 3ms/step - loss: 0.6591 - acc: 0.7778\n",
      "Epoch 27/150\n",
      "1/1 [==============================] - 0s 1ms/step - loss: 0.6575 - acc: 0.7778\n",
      "Epoch 28/150\n",
      "1/1 [==============================] - 0s 3ms/step - loss: 0.6559 - acc: 0.7778\n",
      "Epoch 29/150\n",
      "1/1 [==============================] - 0s 2ms/step - loss: 0.6543 - acc: 0.7778\n",
      "Epoch 30/150\n",
      "1/1 [==============================] - 0s 3ms/step - loss: 0.6527 - acc: 0.7778\n",
      "Epoch 31/150\n",
      "1/1 [==============================] - 0s 5ms/step - loss: 0.6511 - acc: 0.7778\n",
      "Epoch 32/150\n",
      "1/1 [==============================] - 0s 2ms/step - loss: 0.6495 - acc: 0.7778\n",
      "Epoch 33/150\n",
      "1/1 [==============================] - 0s 2ms/step - loss: 0.6479 - acc: 0.7778\n",
      "Epoch 34/150\n",
      "1/1 [==============================] - 0s 2ms/step - loss: 0.6462 - acc: 0.7778\n",
      "Epoch 35/150\n",
      "1/1 [==============================] - 0s 5ms/step - loss: 0.6446 - acc: 0.7778\n",
      "Epoch 36/150\n",
      "1/1 [==============================] - 0s 2ms/step - loss: 0.6429 - acc: 0.7778\n",
      "Epoch 37/150\n",
      "1/1 [==============================] - 0s 3ms/step - loss: 0.6412 - acc: 0.7778\n",
      "Epoch 38/150\n",
      "1/1 [==============================] - 0s 3ms/step - loss: 0.6395 - acc: 0.7778\n",
      "Epoch 39/150\n",
      "1/1 [==============================] - 0s 2ms/step - loss: 0.6378 - acc: 0.7778\n",
      "Epoch 40/150\n",
      "1/1 [==============================] - 0s 3ms/step - loss: 0.6361 - acc: 0.7778\n",
      "Epoch 41/150\n",
      "1/1 [==============================] - 0s 2ms/step - loss: 0.6343 - acc: 0.7778\n",
      "Epoch 42/150\n",
      "1/1 [==============================] - 0s 2ms/step - loss: 0.6326 - acc: 0.7778\n",
      "Epoch 43/150\n",
      "1/1 [==============================] - 0s 2ms/step - loss: 0.6308 - acc: 0.7778\n",
      "Epoch 44/150\n",
      "1/1 [==============================] - 0s 2ms/step - loss: 0.6290 - acc: 0.7778\n",
      "Epoch 45/150\n",
      "1/1 [==============================] - 0s 2ms/step - loss: 0.6273 - acc: 0.7778\n",
      "Epoch 46/150\n",
      "1/1 [==============================] - 0s 5ms/step - loss: 0.6255 - acc: 0.7778\n",
      "Epoch 47/150\n",
      "1/1 [==============================] - 0s 2ms/step - loss: 0.6237 - acc: 0.7778\n",
      "Epoch 48/150\n",
      "1/1 [==============================] - 0s 2ms/step - loss: 0.6218 - acc: 0.7778\n",
      "Epoch 49/150\n",
      "1/1 [==============================] - 0s 3ms/step - loss: 0.6200 - acc: 0.7778\n",
      "Epoch 50/150\n",
      "1/1 [==============================] - 0s 2ms/step - loss: 0.6182 - acc: 0.7778\n",
      "Epoch 51/150\n",
      "1/1 [==============================] - 0s 3ms/step - loss: 0.6163 - acc: 0.7778\n",
      "Epoch 52/150\n",
      "1/1 [==============================] - 0s 3ms/step - loss: 0.6144 - acc: 0.7778\n",
      "Epoch 53/150\n",
      "1/1 [==============================] - 0s 2ms/step - loss: 0.6125 - acc: 0.7778\n",
      "Epoch 54/150\n",
      "1/1 [==============================] - 0s 2ms/step - loss: 0.6107 - acc: 0.7778\n",
      "Epoch 55/150\n",
      "1/1 [==============================] - 0s 3ms/step - loss: 0.6087 - acc: 0.7778\n",
      "Epoch 56/150\n",
      "1/1 [==============================] - 0s 5ms/step - loss: 0.6068 - acc: 0.7778\n",
      "Epoch 57/150\n",
      "1/1 [==============================] - 0s 3ms/step - loss: 0.6049 - acc: 0.7778\n",
      "Epoch 58/150\n",
      "1/1 [==============================] - 0s 5ms/step - loss: 0.6030 - acc: 0.7778\n",
      "Epoch 59/150\n",
      "1/1 [==============================] - 0s 3ms/step - loss: 0.6010 - acc: 0.7778\n",
      "Epoch 60/150\n",
      "1/1 [==============================] - 0s 5ms/step - loss: 0.5991 - acc: 0.7778\n",
      "Epoch 61/150\n",
      "1/1 [==============================] - 0s 3ms/step - loss: 0.5971 - acc: 0.7778\n",
      "Epoch 62/150\n",
      "1/1 [==============================] - 0s 5ms/step - loss: 0.5951 - acc: 0.7778\n",
      "Epoch 63/150\n",
      "1/1 [==============================] - 0s 6ms/step - loss: 0.5931 - acc: 0.7778\n",
      "Epoch 64/150\n",
      "1/1 [==============================] - 0s 5ms/step - loss: 0.5911 - acc: 0.7778\n",
      "Epoch 65/150\n",
      "1/1 [==============================] - 0s 7ms/step - loss: 0.5891 - acc: 0.7778\n",
      "Epoch 66/150\n",
      "1/1 [==============================] - 0s 9ms/step - loss: 0.5871 - acc: 0.7778\n",
      "Epoch 67/150\n",
      "1/1 [==============================] - 0s 2ms/step - loss: 0.5851 - acc: 0.7778\n",
      "Epoch 68/150\n",
      "1/1 [==============================] - 0s 3ms/step - loss: 0.5831 - acc: 0.7778\n",
      "Epoch 69/150\n",
      "1/1 [==============================] - 0s 2ms/step - loss: 0.5810 - acc: 0.7778\n",
      "Epoch 70/150\n",
      "1/1 [==============================] - 0s 3ms/step - loss: 0.5790 - acc: 0.7778\n",
      "Epoch 71/150\n",
      "1/1 [==============================] - 0s 4ms/step - loss: 0.5769 - acc: 0.7778\n",
      "Epoch 72/150\n",
      "1/1 [==============================] - 0s 3ms/step - loss: 0.5749 - acc: 0.7778\n",
      "Epoch 73/150\n",
      "1/1 [==============================] - 0s 3ms/step - loss: 0.5728 - acc: 0.7778\n",
      "Epoch 74/150\n",
      "1/1 [==============================] - 0s 2ms/step - loss: 0.5708 - acc: 0.7778\n",
      "Epoch 75/150\n",
      "1/1 [==============================] - 0s 2ms/step - loss: 0.5687 - acc: 0.7778\n",
      "Epoch 76/150\n",
      "1/1 [==============================] - 0s 2ms/step - loss: 0.5666 - acc: 0.7778\n",
      "Epoch 77/150\n",
      "1/1 [==============================] - 0s 2ms/step - loss: 0.5645 - acc: 0.7778\n",
      "Epoch 78/150\n",
      "1/1 [==============================] - 0s 2ms/step - loss: 0.5624 - acc: 0.7778\n",
      "Epoch 79/150\n",
      "1/1 [==============================] - 0s 2ms/step - loss: 0.5603 - acc: 0.7778\n",
      "Epoch 80/150\n",
      "1/1 [==============================] - 0s 3ms/step - loss: 0.5582 - acc: 0.7778\n",
      "Epoch 81/150\n",
      "1/1 [==============================] - 0s 2ms/step - loss: 0.5561 - acc: 0.7778\n",
      "Epoch 82/150\n",
      "1/1 [==============================] - 0s 2ms/step - loss: 0.5540 - acc: 0.7778\n",
      "Epoch 83/150\n",
      "1/1 [==============================] - 0s 4ms/step - loss: 0.5518 - acc: 0.7778\n",
      "Epoch 84/150\n",
      "1/1 [==============================] - 0s 3ms/step - loss: 0.5497 - acc: 0.7778\n",
      "Epoch 85/150\n",
      "1/1 [==============================] - 0s 2ms/step - loss: 0.5476 - acc: 0.7778\n",
      "Epoch 86/150\n",
      "1/1 [==============================] - 0s 2ms/step - loss: 0.5454 - acc: 0.7778\n",
      "Epoch 87/150\n",
      "1/1 [==============================] - 0s 3ms/step - loss: 0.5433 - acc: 0.7778\n",
      "Epoch 88/150\n",
      "1/1 [==============================] - 0s 2ms/step - loss: 0.5412 - acc: 0.7778\n",
      "Epoch 89/150\n",
      "1/1 [==============================] - 0s 2ms/step - loss: 0.5390 - acc: 0.8889\n",
      "Epoch 90/150\n",
      "1/1 [==============================] - 0s 2ms/step - loss: 0.5369 - acc: 0.8889\n",
      "Epoch 91/150\n",
      "1/1 [==============================] - 0s 2ms/step - loss: 0.5347 - acc: 0.8889\n",
      "Epoch 92/150\n",
      "1/1 [==============================] - 0s 3ms/step - loss: 0.5326 - acc: 0.8889\n",
      "Epoch 93/150\n",
      "1/1 [==============================] - 0s 2ms/step - loss: 0.5304 - acc: 0.8889\n",
      "Epoch 94/150\n",
      "1/1 [==============================] - 0s 2ms/step - loss: 0.5282 - acc: 0.8889\n",
      "Epoch 95/150\n",
      "1/1 [==============================] - 0s 3ms/step - loss: 0.5261 - acc: 0.8889\n",
      "Epoch 96/150\n",
      "1/1 [==============================] - 0s 2ms/step - loss: 0.5239 - acc: 0.8889\n",
      "Epoch 97/150\n",
      "1/1 [==============================] - 0s 2ms/step - loss: 0.5218 - acc: 0.8889\n",
      "Epoch 98/150\n",
      "1/1 [==============================] - 0s 2ms/step - loss: 0.5196 - acc: 0.8889\n",
      "Epoch 99/150\n",
      "1/1 [==============================] - 0s 2ms/step - loss: 0.5174 - acc: 0.8889\n",
      "Epoch 100/150\n",
      "1/1 [==============================] - 0s 2ms/step - loss: 0.5152 - acc: 0.8889\n",
      "Epoch 101/150\n",
      "1/1 [==============================] - 0s 2ms/step - loss: 0.5131 - acc: 0.8889\n",
      "Epoch 102/150\n",
      "1/1 [==============================] - 0s 2ms/step - loss: 0.5109 - acc: 0.8889\n",
      "Epoch 103/150\n",
      "1/1 [==============================] - 0s 2ms/step - loss: 0.5087 - acc: 0.8889\n",
      "Epoch 104/150\n",
      "1/1 [==============================] - 0s 2ms/step - loss: 0.5065 - acc: 0.8889\n",
      "Epoch 105/150\n",
      "1/1 [==============================] - 0s 2ms/step - loss: 0.5044 - acc: 0.8889\n",
      "Epoch 106/150\n",
      "1/1 [==============================] - 0s 2ms/step - loss: 0.5022 - acc: 0.8889\n",
      "Epoch 107/150\n",
      "1/1 [==============================] - 0s 3ms/step - loss: 0.5000 - acc: 0.8889\n",
      "Epoch 108/150\n",
      "1/1 [==============================] - 0s 2ms/step - loss: 0.4978 - acc: 0.8889\n",
      "Epoch 109/150\n",
      "1/1 [==============================] - 0s 2ms/step - loss: 0.4957 - acc: 0.8889\n",
      "Epoch 110/150\n",
      "1/1 [==============================] - 0s 2ms/step - loss: 0.4935 - acc: 0.8889\n",
      "Epoch 111/150\n",
      "1/1 [==============================] - 0s 2ms/step - loss: 0.4913 - acc: 0.8889\n",
      "Epoch 112/150\n",
      "1/1 [==============================] - 0s 3ms/step - loss: 0.4891 - acc: 0.8889\n",
      "Epoch 113/150\n",
      "1/1 [==============================] - 0s 2ms/step - loss: 0.4869 - acc: 0.8889\n",
      "Epoch 114/150\n",
      "1/1 [==============================] - 0s 2ms/step - loss: 0.4848 - acc: 0.8889\n",
      "Epoch 115/150\n",
      "1/1 [==============================] - 0s 2ms/step - loss: 0.4826 - acc: 0.8889\n",
      "Epoch 116/150\n",
      "1/1 [==============================] - 0s 2ms/step - loss: 0.4804 - acc: 0.8889\n",
      "Epoch 117/150\n",
      "1/1 [==============================] - 0s 2ms/step - loss: 0.4782 - acc: 0.8889\n",
      "Epoch 118/150\n",
      "1/1 [==============================] - 0s 2ms/step - loss: 0.4760 - acc: 0.8889\n",
      "Epoch 119/150\n",
      "1/1 [==============================] - 0s 2ms/step - loss: 0.4739 - acc: 0.8889\n",
      "Epoch 120/150\n",
      "1/1 [==============================] - 0s 2ms/step - loss: 0.4717 - acc: 0.8889\n",
      "Epoch 121/150\n",
      "1/1 [==============================] - 0s 3ms/step - loss: 0.4695 - acc: 0.8889\n",
      "Epoch 122/150\n",
      "1/1 [==============================] - 0s 3ms/step - loss: 0.4673 - acc: 0.8889\n",
      "Epoch 123/150\n",
      "1/1 [==============================] - 0s 4ms/step - loss: 0.4652 - acc: 0.8889\n",
      "Epoch 124/150\n",
      "1/1 [==============================] - 0s 2ms/step - loss: 0.4630 - acc: 0.8889\n",
      "Epoch 125/150\n",
      "1/1 [==============================] - 0s 2ms/step - loss: 0.4608 - acc: 0.8889\n",
      "Epoch 126/150\n",
      "1/1 [==============================] - 0s 2ms/step - loss: 0.4587 - acc: 0.8889\n",
      "Epoch 127/150\n",
      "1/1 [==============================] - 0s 3ms/step - loss: 0.4565 - acc: 0.8889\n",
      "Epoch 128/150\n",
      "1/1 [==============================] - 0s 3ms/step - loss: 0.4543 - acc: 0.8889\n",
      "Epoch 129/150\n",
      "1/1 [==============================] - 0s 2ms/step - loss: 0.4522 - acc: 0.8889\n",
      "Epoch 130/150\n",
      "1/1 [==============================] - 0s 2ms/step - loss: 0.4500 - acc: 0.8889\n",
      "Epoch 131/150\n",
      "1/1 [==============================] - 0s 2ms/step - loss: 0.4478 - acc: 0.8889\n",
      "Epoch 132/150\n",
      "1/1 [==============================] - 0s 4ms/step - loss: 0.4457 - acc: 0.8889\n",
      "Epoch 133/150\n",
      "1/1 [==============================] - 0s 3ms/step - loss: 0.4435 - acc: 0.8889\n",
      "Epoch 134/150\n",
      "1/1 [==============================] - 0s 2ms/step - loss: 0.4414 - acc: 0.8889\n",
      "Epoch 135/150\n",
      "1/1 [==============================] - 0s 2ms/step - loss: 0.4392 - acc: 0.8889\n",
      "Epoch 136/150\n",
      "1/1 [==============================] - 0s 2ms/step - loss: 0.4371 - acc: 0.8889\n",
      "Epoch 137/150\n",
      "1/1 [==============================] - 0s 5ms/step - loss: 0.4349 - acc: 0.8889\n",
      "Epoch 138/150\n",
      "1/1 [==============================] - 0s 2ms/step - loss: 0.4328 - acc: 0.8889\n",
      "Epoch 139/150\n",
      "1/1 [==============================] - 0s 2ms/step - loss: 0.4307 - acc: 0.8889\n",
      "Epoch 140/150\n",
      "1/1 [==============================] - 0s 3ms/step - loss: 0.4285 - acc: 0.8889\n",
      "Epoch 141/150\n",
      "1/1 [==============================] - 0s 2ms/step - loss: 0.4264 - acc: 0.8889\n",
      "Epoch 142/150\n",
      "1/1 [==============================] - 0s 3ms/step - loss: 0.4243 - acc: 0.8889\n",
      "Epoch 143/150\n",
      "1/1 [==============================] - 0s 2ms/step - loss: 0.4222 - acc: 0.8889\n",
      "Epoch 144/150\n",
      "1/1 [==============================] - 0s 4ms/step - loss: 0.4200 - acc: 0.8889\n",
      "Epoch 145/150\n",
      "1/1 [==============================] - 0s 5ms/step - loss: 0.4179 - acc: 0.8889\n",
      "Epoch 146/150\n",
      "1/1 [==============================] - 0s 4ms/step - loss: 0.4158 - acc: 0.8889\n",
      "Epoch 147/150\n",
      "1/1 [==============================] - 0s 2ms/step - loss: 0.4137 - acc: 0.8889\n",
      "Epoch 148/150\n",
      "1/1 [==============================] - 0s 2ms/step - loss: 0.4116 - acc: 0.8889\n",
      "Epoch 149/150\n",
      "1/1 [==============================] - 0s 2ms/step - loss: 0.4095 - acc: 0.8889\n",
      "Epoch 150/150\n",
      "1/1 [==============================] - 0s 2ms/step - loss: 0.4074 - acc: 0.8889\n"
     ]
    },
    {
     "data": {
